Data_Preparation:
  test_size: 0.3
  random_state: 43

Train:
  Random_Forest:
    n_estimators: 150
    criterion: 'squared_error'
    max_depth: 14
    max_features: 1
    min_samples_split: 10
    min_samples_leaf: 2
    max_samples: 0.8349568486026413
    verbose: 1
    n_jobs: -1
  
  LightGBM:
    n_estimators: 100
    max_depth: 38
    learning_rate: 0.3793573829129576
    subsample: 0.8823899203273144
    min_child_weight: 18
    min_split_gain: 0.0366641615279395
    reg_lambda: 39.450748935859494
    n_jobs: -1


